spawns:
  default:
    world: 8e85f10e-a389-4f86-a0c2-5db70fa95658
    world-name: Skyblock_Lobby
    x: -31.588687808249038
    y: 102.0
    z: 836.551842337071
    yaw: 179.42897033691406
    pitch: -0.7500532269477844
